Node 1 tux175, 10010 25 25 links 2 5 3 15 11 20 10 14
Node 2 tux175, 10011 55 25 links 1 3 5 8 4 10 14 17
Node 3 tux175, 10012 25 65 links 6 9 5 2 1 18 15 11 
Node 4 tux175, 10013 85 25 links 2 5 8 12 7 19 17 14
Node 5 tux175, 10014 55 65 links 6 9 13 8 4 2 1 3
Node 6 tux175, 10015 25 100 links 10 14 9 5 3 20 18 15
Node 7 tux175, 10016 115 25 links 4 8 12 15 11 17 19 20
Node 8 tux175, 10017 85 65 links 9 13 16 12 7 4 2 5
Node 9 tux175, 10018 55 100 links 10 14 17 13 8 5 3 6
Node 10 tux175, 10019 25 135 links 14 9 6 18 20 1 11 2
Node 11 tux180, 10010 145 25 links 7 12 15 3 1 10 20 19
Node 12 tux180, 10011 115 65 links 13 16 18 15 11 7 4 8
Node 13 tux180, 10012 85 100 links 14 17 19 16 12 8 5 9
Node 14 tux180, 10013 55 135 links 10 6 9 13 17 1 2 4
Node 15 tux180, 10014 145 65 links 16 18 12 7 11 6 3 1
Node 16 tux180, 10015 115 100 links 17 19 20 18 15 12 8 13
Node 17 tux180, 10016 85 135 links 14 9 13 16 19 2 4 7
Node 18 tux180, 10017 145 100 links 19 20 15 12 16 10 6 3
Node 19 tux180, 10018 115 135 links 17 13 16 18 20 4 7 11
Node 20 tux180, 10019 145 135 links 19 16 18 7 11 1 10 6